fiscal_year|state|county|district_name|instruction_expenditures|local_revenue|state_revenue|federal_revenue|county_name|total_enrollment|low_income_students|total_male|total_female|total_white|total_black|total_american_indian|total_hispanic|total_grad_count|total_cohort_count|per_pupil_expenditures|cohort_instruction_expenditures|total_asian|total_multiracial|total_paid_meals|total_females|total_males|state_name|district_id|total_cohort|grad_rate|ppe|pp_local_rev|pp_state_rev|pp_fed_rev
2011|IN|Benton|Benton Community School Corporation|8343368|378979|12262341|314018||1863|854|||1700|8|5|126|||4478.4585|17755.508|9|15|1009|898|965|INDIANA|1800480|152|95|4478.4585|203.42404|6582.04|168.55502
2012|IN|Benton|Benton Community School Corporation|7684969|232767|12293256|570718||1882|880|||1712|11|6|125|||4083.4055|16796.57|11|17|1002|908|974|INDIANA|1800480|137|95|4083.4055|123.68066|6532.0171|303.25079
2013|IN|Benton|Benton Community School Corporation|8283893|418412|12381259|494367||1850|861|||1666|12|2|137|||4477.7798|17383.785|8|25|989|882|968|INDIANA|1800480|119|95|4477.7798|226.16866|6692.5723|267.2254
2014|IN|Benton|Benton Community School Corporation|8410261|306826|12329000|451224||1890|898|||1683|16|3|151|123|132|4449.8735|17489.518|8|29|992|911|979|INDIANA|1800480|133|92|4449.8735|162.3418|6523.2803|238.74286
2015|IN|Benton|Benton Community School Corporation|8310934|150782|12415107|375858||1864|896|||1658|13|3|152|123|133|4458.6558|17469.715|6|32|968|909|955|INDIANA|1800480|133|92|4458.6558|80.891632|6660.4653|201.64056
2016|IN|Benton|Benton Community School Corporation|8813786|847089|12350960|948417||1847|858|||1631|9|4|158|104|111|4771.9468|18158.256|0|39|989|883|964|INDIANA|1800480|113|92|4771.9468|458.62967|6687.0386|513.49054
2017|IN|Benton|Benton Community School Corporation|9013878|656839|12478676|838024||1871|895|||1653|11|3|161|131|139|4817.6792|18498.156|0|37|976|899|972|INDIANA|1800480|140|92|4817.6792|351.06308|6669.522|447.90164
2018|IN|Benton|Benton Community School Corporation|9420901|699007|12565333|318839||1834|902|||1620|13|3|157|130|135|5136.8052|19185.086|0|37|932|893|941|INDIANA|1800480|135|95|5136.8052|381.13794|6851.3267|173.84897
2011|IL|Kankakee|Bradley-Bourbonnais Consolidated High School District 307|31702598|25075420|17728772|5766766|Kankakee|6015|2374|3204|3062|4650|618|27|609|1225|1531|5270.5898|20381.227||||||ILLINOIS|1706960|553|83|5270.5898|4168.8145|2947.4268|958.73083
2012|IL|Kankakee|Bradley-Bourbonnais Consolidated High School District 307|32443218|25931324|17448916|3935993|Kankakee|6004|2695|3201|3043|4606|575|17|651|1480|1495|5403.6006|21205.766||||||ILLINOIS|1706960|545|84|5403.6006|4319.0078|2906.2151|655.56177
2013|IL|Kankakee|Bradley-Bourbonnais Consolidated High School District 307|31814190|26266872|16942024|3855815|Kankakee|5900|2740|3123|3030|4501|595|10|639|1524|1458|5392.2354|21280.822||||||ILLINOIS|1706960|522|86|5392.2354|4452.0122|2871.5295|653.52795
2014|IL|Kankakee|Bradley-Bourbonnais Consolidated High School District 307|32015732|27442742|15874513|3740357|Kankakee|5810|2710|3093|2968|4376|600|14|622|1167|1425|5510.4531|21576.879||||||ILLINOIS|1706960|500|88|5510.4531|4723.3633|2732.2742|643.77917
2015|IL|Kankakee|Bradley-Bourbonnais Consolidated High School District 307|31599332|28151344|15691828|3943916|Kankakee|5806|2936|3084|2971|4363|611|11|623|1189|1451|5442.5303|21748.82||||||ILLINOIS|1706960|486|89|5442.5303|4848.6641|2702.6917|679.28284
2016|IL|Kankakee|Bradley-Bourbonnais Consolidated High School District 307|32127394|28550526|16170360|4550108|Kankakee|5812|2531|3057|2933|4269|609|10|648|1222|1433|5527.769|21872.988||||||ILLINOIS|1706960|507|91|5527.769|4912.3408|2782.2368|782.88165
2017|IL|Kankakee|Bradley-Bourbonnais Consolidated High School District 307|32032050|28334288|16941308|4354972|Kankakee|5754|2847|3097|2892|4208|630|11|657|1173|1376|5566.9185|22047.672||||||ILLINOIS|1706960|508|95|5566.9185|4924.2769|2944.2664|756.85992
2018|IL|Kankakee|Bradley-Bourbonnais Consolidated High School District 307|33293276|28822998|16865678|3943060|Kankakee|5760|2763|3071|2912|4080|673|14|743|1238|1302|5780.0825|22317.301||||||ILLINOIS|1706960|517|94|5780.0825|5003.9927|2928.0691|684.55902
2011|IL|Iroquois|Central Community Unit School District 4|5199138|3994700|3093580|589218|Iroquois|1054|411|586|525|1019|23|1|36|359|400|4932.7686|19777.859||||||ILLINOIS|1710410|87|87|4932.7686|3790.0378|2935.0854|559.03033
2012|IL|Iroquois|Central Community Unit School District 4|5029286|4136179|3112416|598930|Iroquois|1058|408|591|532|1016|18|1|48|416|411|4753.5786|19730.766||||||ILLINOIS|1710410|96|87|4753.5786|3909.4319|2941.792|566.09644
2013|IL|Iroquois|Central Community Unit School District 4|5213217|4229204|2885566|693304|Iroquois|1047|421|579|538|1012|18|0|43|395|379|4979.1948|19754.879||||||ILLINOIS|1710410|84|82|4979.1948|4039.3542|2756.0325|662.18146
2014|IL|Iroquois|Central Community Unit School District 4|5573925|4263897|2664815|666201|Iroquois|1066|472|588|550|1018|16|2|59|335|395|5228.8228|19894.365||||||ILLINOIS|1710410|87|92|5228.8228|3999.9033|2499.8264|624.95404
2015|IL|Iroquois|Central Community Unit School District 4|5699070|4108094|2736722|676070|Iroquois|1066|479|573|549|1007|13|2|62|303|371|5346.2197|20307.816||||||ILLINOIS|1710410|91|92|5346.2197|3853.7468|2567.2815|634.21204
2016|IL|Iroquois|Central Community Unit School District 4|5722657|4057443|2706175|696660|Iroquois|1042|488|564|543|999|11|2|55|336|379|5491.9932|21046.23||||||ILLINOIS|1710410|81|87|5491.9932|3893.8992|2597.0969|668.57965
2017|IL|Iroquois|Central Community Unit School District 4|5541165|4226685|2925525|714365|Iroquois|1024|477|548|540|978|11|2|64|309|374|5411.2939|21478.33||||||ILLINOIS|1710410|66|92|5411.2939|4127.6221|2856.958|697.62207
2018|IL|Iroquois|Central Community Unit School District 4|5502530|4462647|2759847|696609|Iroquois|1014|440|548|521|945|5|1|77|335|385|5426.5581|21676.064||||||ILLINOIS|1710410|81|92|5426.5581|4401.0327|2721.7427|686.99115
2011|IL|Iroquois|Cissna Park Community Unit School District 6|1780735|1602800|817800|157000|Iroquois|300|69|159|141|267|5|0|20|359|400|5935.7832|21950.461||||||ILLINOIS|1710290|45|90|5935.7832|5342.6665|2726|523.33331
2012|IL|Iroquois|Cissna Park Community Unit School District 6|1709845|1588200|876700|139000|Iroquois|295|90|157|138|269|3|0|17|416|411|5796.085|22714.58||||||ILLINOIS|1710290|31|90|5796.085|5383.729|2971.8645|471.18643
2013|IL|Iroquois|Cissna Park Community Unit School District 6|1583110|1604800|804100|152000|Iroquois|292|85|146|146|267|4|0|16|395|379|5421.6094|22871.082||||||ILLINOIS|1710290|30|80|5421.6094|5495.8906|2753.7671|520.54797
2014|IL|Iroquois|Cissna Park Community Unit School District 6|1546510|1626800|726700|153000|Iroquois|308|10|157|151|283|5|0|16|335|395|5021.1362|22174.613||||||ILLINOIS|1710290|31|90|5021.1362|5281.8184|2359.4155|496.75323
2015|IL|Iroquois|Cissna Park Community Unit School District 6|1512890|1640600|681600|155000|Iroquois|302|55|150|154|284|2|0|15|303|371|5009.5693|21248.4||||||ILLINOIS|1710290|22|80|5009.5693|5432.4502|2256.9536|513.24506
2016|IL|Iroquois|Cissna Park Community Unit School District 6|1412640|1640325|665450|141500|Iroquois|310|69|158|152|290|1|0|16|336|379|4556.9033|20009.219||||||ILLINOIS|1710290|31|90|4556.9033|5291.3711|2146.6128|456.4516
2017|IL|Iroquois|Cissna Park Community Unit School District 6|1420460|1684300|705600|131000|Iroquois|310|79|159|151|288|1|0|19|309|374|4582.1289|19169.738||||||ILLINOIS|1710290|31|90|4582.1289|5433.2256|2276.1292|422.58066
2018|IL|Iroquois|Cissna Park Community Unit School District 6|1416860|1645600|731090|125000|Iroquois|301|77|156|145|276|3|0|22|335|385|4707.1763|18855.777||||||ILLINOIS|1710290|25|80|4707.1763|5467.1099|2428.8704|415.28238
2011|IL|Iroquois|Donovan Community Unit School District 3|1591057|1473031|1638563|314152|Iroquois|394|152|198|198|367|11|0|13|359|400|4038.2158|16594.113||||||ILLINOIS|1712510|32|74.5|4038.2158|3738.6575|4158.7896|797.34009
2012|IL|Iroquois|Donovan Community Unit School District 3|1646291|1472871|1450866|184406|Iroquois|380|158|203|187|349|16|0|20|416|411|4332.3447|17045.234||||||ILLINOIS|1712510|41|74.5|4332.3447|3875.9763|3818.0684|485.27896
2013|IL|Iroquois|Donovan Community Unit School District 3|1666345|1596046|1273923|200811|Iroquois|368|173|193|194|350|16|0|15|395|379|4528.1113|17370.4||||||ILLINOIS|1712510|35|84.5|4528.1113|4337.0815|3461.7473|545.68207
2014|IL|Iroquois|Donovan Community Unit School District 3|1544084|1612359|1355248|184320|Iroquois|322|146|162|170|305|15|0|9|335|395|4795.292|17693.965||||||ILLINOIS|1712510|33|84.5|4795.292|5007.3262|4208.8447|572.42236
2015|IL|Iroquois|Donovan Community Unit School District 3|1519847|1641669|1047350|189664|Iroquois|317|176|157|170|304|9|0|11|303|371|4794.4702|18450.219||||||ILLINOIS|1712510|21|80|4794.4702|5178.7666|3303.9431|598.30914
2016|IL|Iroquois|Donovan Community Unit School District 3|1540708|1492762|1042122|207016|Iroquois|316|128|166|162|292|14|0|14|336|379|4875.6582|18993.531||||||ILLINOIS|1712510|29|80|4875.6582|4723.9302|3297.8545|655.11395
2017|IL|Iroquois|Donovan Community Unit School District 3|1385746|1574806|1090164|202798|Iroquois|314|164|171|154|284|12|0|16|309|374|4413.2036|18878.625||||||ILLINOIS|1712510|24|69.5|4413.2036|5015.3057|3471.8599|645.85352
2018|IL|Iroquois|Donovan Community Unit School District 3|1302966|1628022|1172500|202250|Iroquois|278|156|144|143|241|10|0|25|335|385|4686.9282|18770.26||||||ILLINOIS|1712510|26|80|4686.9282|5856.1943|4217.626|727.51801
2011|IL|Kankakee|Grant Park Community Unit School District 6|2850861|2579073|1067035|314460|Kankakee|546|126|294|274|500|0|0|18|1225|1531|5221.3569|20493.197||||||ILLINOIS|1717370|40|90|5221.3569|4723.5771|1954.2766|575.93408
2012|IL|Kankakee|Grant Park Community Unit School District 6|2816425|2663111|938344|216748|Kankakee|542|167|284|281|500|0|0|22|1480|1495|5196.356|21027.15||||||ILLINOIS|1717370|50|84.5|5196.356|4913.4888|1731.262|399.90405
2013|IL|Kankakee|Grant Park Community Unit School District 6|2541349|2657402|845600|339390|Kankakee|529|170|282|269|487|0|0|22|1524|1458|4804.0625|20731.629||||||ILLINOIS|1717370|42|84.5|4804.0625|5023.4443|1598.4877|641.56897
2014|IL|Kankakee|Grant Park Community Unit School District 6|2686165|2903700|794700|289140|Kankakee|489|154|261|249|448|0|0|24|1167|1425|5493.1802|20714.955||||||ILLINOIS|1717370|42|90|5493.1802|5938.0366|1625.1533|591.28833
2015|IL|Kankakee|Grant Park Community Unit School District 6|2470070|3001975|706000|250500|Kankakee|478|178|262|242|445|0|0|21|1189|1451|5167.5103|20661.109||||||ILLINOIS|1717370|39|90|5167.5103|6280.2822|1476.9874|524.05859
2016|IL|Kankakee|Grant Park Community Unit School District 6|2579380|2982650|687500|315969|Kankakee|480|168|249|262|449|0|0|23|1222|1433|5373.7085|20838.461||||||ILLINOIS|1717370|44|90|5373.7085|6213.854|1432.2916|658.26874
2017|IL|Kankakee|Grant Park Community Unit School District 6|2606930|3018250|690100|300500|Kankakee|486|192|253|261|441|0|0|23|1173|1376|5364.0537|21398.453||||||ILLINOIS|1717370|36|90|5364.0537|6210.3911|1419.9589|618.31274
2018|IL|Kankakee|Grant Park Community Unit School District 6|2634350|2992450|745650|260300|Kankakee|474|200|250|245|430|0|0|21|1238|1302|5557.7002|21462.973||||||ILLINOIS|1717370|38|90|5557.7002|6313.1855|1573.1013|549.15613
2011|IL|Kankakee|Herscher Community Unit School District 2|10318717|8914399|3989095|1121469|Kankakee|1914|458|1054|933|1878|11|7|42|1225|1531|5391.1792|19858.482||||||ILLINOIS|1718840|163|92|5391.1792|4657.4707|2084.1667|585.92944
2012|IL|Kankakee|Herscher Community Unit School District 2|10638553|11262232|3803065|724909|Kankakee|1915|505|1056|923|1874|10|4|37|1480|1495|5555.3804|20837.609||||||ILLINOIS|1718840|167|92|5555.3804|5881.061|1985.9347|378.54257
2013|IL|Kankakee|Herscher Community Unit School District 2|9584936|9769069|3435733|826440|Kankakee|1846|452|1001|904|1792|15|3|39|1524|1458|5192.2729|21337.316||||||ILLINOIS|1718840|156|92|5192.2729|5292.02|1861.1771|447.69232
2014|IL|Kankakee|Herscher Community Unit School District 2|9518085|10311159|3199034|828352|Kankakee|1791|413|965|889|1740|13|2|44|1167|1425|5314.397|21453.23||||||ILLINOIS|1718840|155|87|5314.397|5757.2075|1786.172|462.50809
2015|IL|Kankakee|Herscher Community Unit School District 2|9213674|9746942|3113618|754454|Kankakee|1762|505|965|860|1710|15|1|39|1189|1451|5229.1001|21291.15||||||ILLINOIS|1718840|170|92|5229.1001|5531.749|1767.093|428.18048
2016|IL|Kankakee|Herscher Community Unit School District 2|9064336|9808895|2953405|873572|Kankakee|1687|398|926|822|1642|18|2|34|1222|1433|5373.0503|21108.82||||||ILLINOIS|1718840|130|87|5373.0503|5814.4014|1750.6847|517.82574
2017|IL|Kankakee|Herscher Community Unit School District 2|9073063|10356723|2940247|872024|Kankakee|1666|354|906|824|1617|14|2|35|1173|1376|5446.0161|21362.563||||||ILLINOIS|1718840|134|95|5446.0161|6216.5205|1764.8541|523.42377
2018|IL|Kankakee|Herscher Community Unit School District 2|9402851|11283693|3545931|1238954|Kankakee|1649|474|907|811|1616|10|2|38|1238|1302|5702.1533|21750.32||||||ILLINOIS|1718840|135|95|5702.1533|6842.749|2150.3523|751.33655
2011|IL|Iroquois|Iroquois County Community Unit School District 9|5305264|2799775|4849403|868401|Iroquois|1152|631|608|576|1023|26|3|72|359|400|4605.2637|17909.824||||||ILLINOIS|1720170|99|72|4605.2637|2430.3604|4209.5513|753.82031
2012|IL|Iroquois|Iroquois County Community Unit School District 9|4975320|3164825|4336668|712650|Iroquois|1126|659|609|549|998|14|5|66|416|411|4418.5791|18403.758||||||ILLINOIS|1720170|96|82|4418.5791|2810.6794|3851.3926|632.90411
2013|IL|Iroquois|Iroquois County Community Unit School District 9|5247420|3374225|4104850|805400|Iroquois|1096|666|604|542|988|16|2|70|395|379|4787.792|18751.482||||||ILLINOIS|1720170|97|82|4787.792|3078.6724|3745.301|734.854
2014|IL|Iroquois|Iroquois County Community Unit School District 9|5418538|3419325|4126350|757400|Iroquois|1081|681|587|538|960|16|2|87|335|395|5012.5234|18824.158||||||ILLINOIS|1720170|110|77|5012.5234|3163.1128|3817.1602|700.64752
2015|IL|Iroquois|Iroquois County Community Unit School District 9|5282528|3343419|4291350|795400|Iroquois|1039|686|578|512|915|19|2|109|303|371|5084.2427|19303.137||||||ILLINOIS|1720170|88|82|5084.2427|3217.9202|4130.2695|765.54376
2016|IL|Iroquois|Iroquois County Community Unit School District 9|5403147|3316057|4165400|839400|Iroquois|1016|646|568|494|889|19|2|107|336|379|5318.0581|20202.617||||||ILLINOIS|1720170|93|87|5318.0581|3263.8357|4099.8032|826.18109
2017|IL|Iroquois|Iroquois County Community Unit School District 9|5561420|3247119|4310825|798946|Iroquois|986|609|544|491|869|17|2|114|309|374|5640.3853|21055.209||||||ILLINOIS|1720170|80|82|5640.3853|3293.2241|4372.0337|810.29004
2018|IL|Iroquois|Iroquois County Community Unit School District 9|6008465|3469525|4631165|968900|Iroquois|960|594|528|478|844|17|1|107|335|385|6258.8179|22301.504||||||ILLINOIS|1720170|78|92|6258.8179|3614.0886|4824.1304|1009.2708
2011|IL|Iroquois|Iroquois West Community Unit School District 10|5983351|2568772|4384220|393871|Iroquois|918|480|489|474|620|2|1|293|359|400|6517.8115|23719.658||||||ILLINOIS|1720180|75|82|6517.8115|2798.2266|4775.8389|429.05338
2012|IL|Iroquois|Iroquois West Community Unit School District 10|5266854|2654892|4417039|411381|Iroquois|925|504|508|461|613|4|1|302|416|411|5693.896|25451.078||||||ILLINOIS|1720180|84|87|5693.896|2870.1536|4775.1772|444.73621
2013|IL|Iroquois|Iroquois West Community Unit School District 10|5543498|2730073|4770593|631093|Iroquois|932|497|490|466|605|0|1|287|395|379|5947.959|24730.779||||||ILLINOIS|1720180|75|87|5947.959|2929.2629|5118.6621|677.13843
2014|IL|Iroquois|Iroquois West Community Unit School District 10|5678759|2859619|5043128|472512|Iroquois|911|528|479|476|595|0|1|291|335|395|6233.5444|24393.211||||||ILLINOIS|1720180|81|77|6233.5444|3138.989|5535.8154|518.67401
2015|IL|Iroquois|Iroquois West Community Unit School District 10|5781811|2711732|5109360|479238|Iroquois|907|541|481|472|585|1|0|298|303|371|6374.6538|24250.053||||||ILLINOIS|1720180|83|82|6374.6538|2989.7817|5633.2524|528.37708
2016|IL|Iroquois|Iroquois West Community Unit School District 10|5597206|2804776|5202864|580391|Iroquois|926|533|484|485|592|1|0|301|336|379|6044.499|24600.656||||||ILLINOIS|1720180|91|92|6044.499|3028.9158|5618.6436|626.77216
2017|IL|Iroquois|Iroquois West Community Unit School District 10|5953270|2813104|5555003|600645|Iroquois|944|637|526|469|598|18|0|300|309|374|6306.4302|24959.127||||||ILLINOIS|1720180|72|92|6306.4302|2979.9832|5884.5371|636.27649
2018|IL|Iroquois|Iroquois West Community Unit School District 10|5660570|2869050|5077627|555669|Iroquois|959|556|532|479|633|23|0|324|335|385|5902.5757|24628.158||||||ILLINOIS|1720180|83|92|5902.5757|2991.7102|5294.71|579.42542
2011|IL|Kankakee|Kankakee School District 111|34972172|9687571|30523396|15012187|Kankakee|5026|4774|2855|2712|1066|2824|11|1374|1225|1531|6958.2515|25411.27||||||ILLINOIS|1720760|387|66|6958.2515|1927.4912|6073.0991|2986.9055
2012|IL|Kankakee|Kankakee School District 111|34127388|9739627|30492616|15593010|Kankakee|4964|4769|2817|2713|1026|2739|35|1430|1480|1495|6874.9775|26565.238||||||ILLINOIS|1720760|374|55|6874.9775|1962.0521|6142.751|3141.2188
2013|IL|Kankakee|Kankakee School District 111|32282960|9532637|30216780|12787499|Kankakee|4963|4818|2847|2709|1035|2750|25|1428|1524|1458|6504.7271|26846.633||||||ILLINOIS|1720760|342|67|6504.7271|1920.7408|6088.4102|2576.5664
2014|IL|Kankakee|Kankakee School District 111|32323778|10632213|29949692|11878121|Kankakee|4936|4777|2803|2682|1263|2756|15|1396|1167|1425|6548.5771|26886.533||||||ILLINOIS|1720760|310|74|6548.5771|2154.0139|6067.6035|2406.4265
2015|IL|Kankakee|Kankakee School District 111|33233788|10068311|30069556|12730695|Kankakee|4855|4381|2758|2636|1184|2656|9|1473|1189|1451|6845.2705|26773.553||||||ILLINOIS|1720760|293|69|6845.2705|2073.8025|6193.5234|2622.1824
2016|IL|Kankakee|Kankakee School District 111|33830768|10153000|29205932|11935097|Kankakee|4915|4171|2787|2706|1182|2687|9|1524|1222|1433|6883.1675|26781.742||||||ILLINOIS|1720760|360|73|6883.1675|2065.7173|5942.2041|2428.3005
2017|IL|Kankakee|Kankakee School District 111|33162600|9651703|30490984|11366430|Kankakee|4691|2960|2641|2558|1060|2526|5|1509|1173|1376|7069.4097|27346.426||||||ILLINOIS|1720760|292|77|7069.4097|2057.4937|6499.8901|2423.0293
2018|IL|Kankakee|Kankakee School District 111|31433720|10122000|30283000|10715000|Kankakee|4662|3483|2602|2563|1018|2500|4|1542|1238|1302|6742.5396|27540.387||||||ILLINOIS|1720760|292|88|6742.5396|2171.1711|6495.71|2298.3699
2011|IN|Jasper|Kankakee Valley School Corporation|13831562|488451|19577866|1037227||3546|1248|||3143|21|18|257|||3900.6096|15632.363|0|84|2298|1790|1756|INDIANA|1805280|274|83|3900.6096|137.74704|5521.1128|292.5062
2012|IN|Jasper|Kankakee Valley School Corporation|13623132|502365|19564879|1916452||3519|1239|||3121|30|12|258|||3871.3079|15627.271|0|80|2280|1741|1778|INDIANA|1805280|235|89|3871.3079|142.75789|5559.7837|544.60132
2013|IN|Jasper|Kankakee Valley School Corporation|14374850|422659|19865801|1741924||3488|1280|||3079|21|14|295|||4121.23|15609.349|0|61|2208|1727|1761|INDIANA|1805280|248|87|4121.23|121.17517|5695.4707|499.40482
2014|IN|Jasper|Kankakee Valley School Corporation|14348410|499648|20579772|1309918||3527|1305|||3115|23|11|300|223|251|4068.1628|15961.311|0|65|2222|1758|1769|INDIANA|1805280|251|89|4068.1628|141.66374|5834.9224|371.39722
2015|IN|Jasper|Kankakee Valley School Corporation|14395440|445794|20832883|1355425||3464|1296|||3051|18|9|337|228|254|4155.7275|16216.428|14|35|2168|1728|1736|INDIANA|1805280|255|89|4155.7275|128.69342|6014.1118|391.28897
2016|IN|Jasper|Kankakee Valley School Corporation|14584262|508856|21793082|1205890||3452|1304|||3032|12|9|351|229|242|4224.873|16569.994|13|35|2148|1693|1759|INDIANA|1805280|242|95|4224.873|147.40904|6313.1758|349.33081
2017|IN|Jasper|Kankakee Valley School Corporation|15355571|505144|21817817|1369904||3423|1253|||2992|13|11|355|256|276|4485.998|16934.762|19|33|2170|1696|1727|INDIANA|1805280|277|92|4485.998|147.57347|6373.8877|400.20566
2018|IN|Jasper|Kankakee Valley School Corporation|15474863|429827|22041074|1322048||3392|1383|||2960|14|7|355|247|266|4562.165|17428.764|20|36|2009|1677|1715|INDIANA|1805280|261|95|4562.165|126.71786|6497.958|389.75473
2011|IL|Kankakee|Manteno Community Unit School District 5|10846015|8599940|7193630|1063877|Kankakee|2123|588|1175|1071|1923|39|12|191|1225|1531|5108.8154|18845.732||||||ILLINOIS|1724390|194|87|5108.8154|4050.8433|3388.4268|501.11963
2012|IL|Kankakee|Manteno Community Unit School District 5|10835760|8799400|9706196|1209530|Kankakee|2109|615|1155|1085|1915|34|6|193|1480|1495|5137.8662|19828.686||||||ILLINOIS|1724390|173|87|5137.8662|4172.3091|4602.2739|573.50879
2013|IL|Kankakee|Manteno Community Unit School District 5|10784605|9194110|9724573|1064686|Kankakee|2061|663|1130|1059|1860|29|8|191|1524|1458|5232.7051|20404.967||||||ILLINOIS|1724390|170|92|5232.7051|4460.9946|4718.376|516.5871
2014|IL|Kankakee|Manteno Community Unit School District 5|10518141|9066980|10037000|1163987|Kankakee|2040|749|1128|1016|1830|36|9|175|1167|1425|5155.9517|20635.338||||||ILLINOIS|1724390|184|87|5155.9517|4444.5981|4920.0981|570.58185
2015|IL|Kankakee|Manteno Community Unit School District 5|10581880|9347175|9093053|1177758|Kankakee|1982|737|1081|1015|1778|41|9|173|1189|1451|5338.9907|20865.514||||||ILLINOIS|1724390|187|92|5338.9907|4716.0317|4587.8169|594.22705
2016|IL|Kankakee|Manteno Community Unit School District 5|10541732|9588245|9236617|1029265|Kankakee|1934|585|1041|992|1742|34|6|149|1222|1433|5450.7402|21178.387||||||ILLINOIS|1724390|191|87|5450.7402|4957.7275|4775.9136|532.19495
2017|IL|Kankakee|Manteno Community Unit School District 5|10682240|9579092|8436935|1132658|Kankakee|2032|793|1093|1047|1767|83|7|179|1173|1376|5257.0078|21202.691||||||ILLINOIS|1724390|180|92|5257.0078|4714.1201|4152.0352|557.41046
2018|IL|Kankakee|Manteno Community Unit School District 5|10264208|9864088|8399760|1239818|Kankakee|2030|732|1095|1036|1765|78|6|171|1238|1302|5056.2603|21103||||||ILLINOIS|1724390|178|92|5056.2603|4859.1567|4137.813|610.7478
2011|IL|Iroquois|Milford Area Public School District 124|2452494|2308400|1431116|240000|Iroquois|654|337|326|328|612|11|0|17|359|400|3749.9907|16869.598||||||ILLINOIS|1725980|58|90|3749.9907|3529.6636|2188.2507|366.97247
2012|IL|Iroquois|Milford Area Public School District 124|2522414|2375400|1433218|103704|Iroquois|624|329|326|304|586|14|0|18|416|411|4042.3301|16523.992||||||ILLINOIS|1725980|61|87|4042.3301|3806.7307|2296.8237|166.19231
2013|IL|Iroquois|Milford Area Public School District 124|2784070|2442400|1326200|218000|Iroquois|592|335|314|278|546|15|0|18|395|379|4702.8208|16533.535||||||ILLINOIS|1725980|56|84.5|4702.8208|4125.6758|2240.2026|368.24326
2014|IL|Iroquois|Milford Area Public School District 124|2744632|3264356|1239400|198000|Iroquois|611|367|316|295|560|20|0|14|335|395|4492.0327|16987.174||||||ILLINOIS|1725980|56|84.5|4492.0327|5342.645|2028.4779|324.05893
2015|IL|Iroquois|Milford Area Public School District 124|3303616|2981344|1822950|362000|Iroquois|608|385|323|319|587|17|0|16|303|371|5433.5791|18670.762||||||ILLINOIS|1701416|36|90|5433.5791|4903.5264|2998.2729|595.39471
2016|IL|Iroquois|Milford Area Public School District 124|3513672|3080421|1810625|355344|Iroquois|602|340|317|314|581|11|0|12|336|379|5836.6646|20465.098||||||ILLINOIS|1701416|44|90|5836.6646|5116.9785|3007.6826|590.2724
2017|IL|Iroquois|Milford Area Public School District 124|3377892|3039557|1722119|363800|Iroquois|584|317|311|305|564|7|1|16|309|374|5784.0615|21546.338||||||ILLINOIS|1701416|51|90|5784.0615|5204.7207|2948.834|622.94519
2018|IL|Iroquois|Milford Area Public School District 124|3633208|3149800|1719840|430000|Iroquois|561|340|305|289|544|7|1|13|335|385|6476.3066|23530.611||||||ILLINOIS|1701416|49|90|6476.3066|5614.6167|3065.6685|766.4884
2011|IL|Kankakee|Momence Community Unit School District 1|5388062|3347848|4508357|1610400|Kankakee|1187|741|630|558|682|202|0|181|1225|1531|4539.2266|18454.346||||||ILLINOIS|1726430|98|82|4539.2266|2820.428|3798.1104|1356.6975
2012|IL|Kankakee|Momence Community Unit School District 1|5430277|3458783|4755900|1025000|Kankakee|1158|815|670|567|700|187|0|216|1480|1495|4689.3584|18922.873||||||ILLINOIS|1726430|104|87|4689.3584|2986.8591|4106.9946|885.14679
2013|IL|Kankakee|Momence Community Unit School District 1|5058560|3393865|4415900|1005581|Kankakee|1152|859|666|589|692|203|0|226|1524|1458|4391.1113|18662.377||||||ILLINOIS|1726430|103|77|4391.1113|2946.0635|3833.2466|872.90015
2014|IL|Kankakee|Momence Community Unit School District 1|5209654|3438996|4102144|963567|Kankakee|1144|879|677|575|694|200|0|231|1167|1425|4553.8936|18173.59||||||ILLINOIS|1726430|106|72|4553.8936|3006.1155|3585.7903|842.27887
2015|IL|Kankakee|Momence Community Unit School District 1|5395130|3576087|4403528|1146867|Kankakee|1124|826|657|550|658|191|0|225|1189|1451|4799.9375|18434.301||||||ILLINOIS|1726430|94|87|4799.9375|3181.572|3917.7295|1020.3443
2016|IL|Kankakee|Momence Community Unit School District 1|4947808|3725202|4635414|1301663|Kankakee|1097|685|639|537|615|213|1|222|1222|1433|4510.3081|18255.25||||||ILLINOIS|1726430|103|87|4510.3081|3395.8086|4225.5371|1186.566
2017|IL|Kankakee|Momence Community Unit School District 1|5054862|3808042|4730763|1479561|Kankakee|1042|677|600|528|582|192|1|236|1173|1376|4851.1152|18715.254||||||ILLINOIS|1726430|90|87|4851.1152|3654.5508|4540.0796|1419.9242
2018|IL|Kankakee|Momence Community Unit School District 1|5422560|4082093|5582016|1481369|Kankakee|1012|723|597|504|561|194|0|287|1238|1302|5358.2607|19519.621||||||ILLINOIS|1726430|80|82|5358.2607|4033.6887|5515.8262|1463.8033
2011|IN|Newton|North Newton School Corporation|6420354|186847|9320838|613497||1461|645|||1347|2|12|62|||4394.4927|16320.626|0|32|816|711|750|INDIANA|1807920|126|77|4394.4927|127.8898|6379.7661|419.9158
2012|IN|Newton|North Newton School Corporation|6396051|198649|9197456|875772||1475|669|||1332|3|16|87|||4336.3057|16575.844|0|32|806|723|752|INDIANA|1807920|118|87|4336.3057|134.67729|6235.5635|593.74371
2013|IN|Newton|North Newton School Corporation|6390349|179791|9331732|690871||1478|697|||1330|2|15|101|||4323.646|16879.836|0|25|781|731|747|INDIANA|1807920|113|92|4323.646|121.64479|6313.7563|467.4364
2014|IN|Newton|North Newton School Corporation|6301751|148497|9189040|579125||1439|682|||1292|0|13|105|94|107|4379.2573|17433.701|7|22|757|706|733|INDIANA|1807920|109|87|4379.2573|103.19458|6385.7124|402.44962
2015|IN|Newton|North Newton School Corporation|6049264|144948|8961758|706956||1396|686|||1249|2|9|105|109|117|4333.2837|17372.492|6|25|710|669|727|INDIANA|1807920|117|92|4333.2837|103.83095|6419.5977|506.41547
2016|IN|Newton|North Newton School Corporation|5662378|202095|8669972|641336||1327|683|||1198|2|8|96|93|98|4267.0518|17303.238|5|18|644|634|693|INDIANA|1807920|99|92|4267.0518|152.29465|6533.5132|483.29767
2017|IN|Newton|North Newton School Corporation|5838003|145423|9090557|692100||1387|706|||1258|1|8|96|97|106|4209.0864|17188.68|5|19|681|682|705|INDIANA|1807920|106|92|4209.0864|104.84715|6554.1147|498.99063
2018|IN|Newton|North Newton School Corporation|6112195|248568|9286875|643873||1367|733|||1224|1|7|113|97|107|4471.2471|17280.668|5|17|634|678|689|INDIANA|1807920|108|92|4471.2471|181.83467|6793.6172|471.01172
2011|IN|Jasper|Rensselaer Central School Corporation|6929585|180430|10553509|833640||1792|757|||1627|12|4|80|||3866.9558|14462.647|7|62|1035|843|949|INDIANA|1809420|135|87|3866.9558|100.68639|5889.2349|465.2009
2012|IN|Jasper|Rensselaer Central School Corporation|7113566|99358|10475475|1011958||1740|791|||1569|9|2|99|||4088.2563|14577.82|7|54|949|826|914|INDIANA|1809420|126|92|4088.2563|57.102299|6020.3877|581.58508
2013|IN|Jasper|Rensselaer Central School Corporation|6663452|74527|10640509|894868||1742|793|||1566|5|3|110|||3825.1733|14546.656|8|50|949|810|932|INDIANA|1809420|114|92|3825.1733|42.782433|6108.2144|513.70148
2014|IN|Jasper|Rensselaer Central School Corporation|6623894|117956|10299717|794173||1685|798|||1507|5|3|122|101|112|3931.0945|15711.48|0|41|887|780|905|INDIANA|1809420|112|92|3931.0945|70.003563|6112.5918|471.31927
2015|IN|Jasper|Rensselaer Central School Corporation|6779055|190738|10398693|730829||1693|833|||1508|4|3|136|119|131|4004.1672|15848.691|0|37|860|791|902|INDIANA|1809420|131|92|4004.1672|112.66273|6142.1694|431.67691
2016|IN|Jasper|Rensselaer Central School Corporation|6927403|235087|10360401|747841||1667|795|||1471|7|4|152|111|116|4155.6108|15916.046|0|28|872|787|880|INDIANA|1809420|116|95|4155.6108|141.024|6214.9976|448.61487
2017|IN|Jasper|Rensselaer Central School Corporation|7370625|261189|10637086|3492361||1679|747|||1466|4|3|170|114|122|4389.8896|16480.762|0|32|932|787|892|INDIANA|1809420|122|92|4389.8896|155.56224|6335.3696|2080.0244
2018|IN|Jasper|Rensselaer Central School Corporation|7164289|467692|10638667|3864887||1598|769|||1382|4|4|167|118|123|4483.2847|17032.953|0|36|829|761|837|INDIANA|1809420|123|95|4483.2847|292.67334|6657.4888|2418.5776
2011|IN|Newton|South Newton School Corporation|4544009|232562|6146262|431579||906|486|||789|17|3|88|||5015.4624|19408.818|4|5|420|431|475|INDIANA|1810470|76|72|5015.4624|256.69095|6783.9536|476.35651
2012|IN|Newton|South Newton School Corporation|4467979|265204|5985039|618659||854|447|||741|12|4|86|||5231.8257|19726.469|0|10|407|400|454|INDIANA|1810470|58|74.5|5231.8257|310.54333|7008.2422|724.42505
2013|IN|Newton|South Newton School Corporation|4559225|302139|5936132|515357||873|503|||753|12|1|89|||5222.48|19923.832|0|16|370|416|457|INDIANA|1810470|54|84.5|5222.48|346.09277|6799.6929|590.32874
2014|IN|Newton|South Newton School Corporation|4383794|198520|6064966|517023||891|520|||760|9|1|104|46|57|4920.083|20389.852|0|16|371|421|470|INDIANA|1810470|59|74.5|4920.083|222.80583|6806.9204|580.27271
2015|IN|Newton|South Newton School Corporation|4185739|358184|6119197|509309||894|520|||765|10|1|101|53|59|4682.0347|20056.424|0|17|374|422|472|INDIANA|1810470|60|84.5|4682.0347|400.65323|6844.7393|569.69684
2016|IN|Newton|South Newton School Corporation|4145356|243029|6155629|548266||914|548|||777|11|1|107|66|72|4535.4004|19359.998|0|17|366|448|466|INDIANA|1810470|72|92|4535.4004|265.89606|6734.8237|599.85339
2017|IN|Newton|South Newton School Corporation|4255633|249360|5916111|559270||852|510|||728|7|0|101|41|51|4994.8745|19132.393|0|14|342|408|444|INDIANA|1810470|51|84.5|4994.8745|292.67606|6943.7925|656.42017
2018|IN|Newton|South Newton School Corporation|4261347|256869|6200508|544908||890|533|||760|11|0|106|61|66|4788.0303|19000.34|0|11|357|430|460|INDIANA|1810470|68|92|4788.0303|288.61685|6966.8628|612.25616
2011|IL|Kankakee|St. Anne Community High School District 302|3136472|2457350|2562228|956343|Kankakee|565|286|319|282|390|99|0|61|1225|1531|5551.2778|22827.611||||||ILLINOIS|1737140|64|82|5551.2778|4349.292|4534.917|1692.6425
2012|IL|Kankakee|St. Anne Community High School District 302|3193554|2528275|2039847.875|731585|Kankakee|584|404|321|294|370|106|0|70|1480|1495|5468.4146|22706.637||||||ILLINOIS|1737140|56|74.5|5468.4146|4329.2378|3492.8901|1252.714
2013|IL|Kankakee|St. Anne Community High School District 302|3194613|2515049|1915916|680216|Kankakee|590|417|341|282|359|105|0|88|1524|1458|5414.5981|22696.938||||||ILLINOIS|1737140|81|72|5414.5981|4262.7949|3247.3152|1152.9084
2014|IL|Kankakee|St. Anne Community High School District 302|3270792|2586896|1948399|612579|Kankakee|556|402|295|290|331|98|0|85|1167|1425|5882.7192|22317.01||||||ILLINOIS|1737140|71|72|5882.7192|4652.6904|3504.3147|1101.7607
2015|IL|Kankakee|St. Anne Community High School District 302|3486194|2505693|1938239|612594|Kankakee|560|414|310|273|309|112|0|85|1189|1451|6225.3462|22991.078||||||ILLINOIS|1737140|79|82|6225.3462|4474.4517|3461.1411|1093.9178
2016|IL|Kankakee|St. Anne Community High School District 302|3481638|2489552|2454493|631006|Kankakee|533|379|300|271|319|96|0|85|1222|1433|6532.1538|24054.816||||||ILLINOIS|1737140|70|77|6532.1538|4670.8291|4605.0527|1183.8762
2017|IL|Kankakee|St. Anne Community High School District 302|3418911|2516793|2026485|648840|Kankakee|534|383|298|278|307|98|0|101|1173|1376|6402.4551|25042.674||||||ILLINOIS|1737140|55|84.5|6402.4551|4713.0957|3794.9158|1215.0562
2018|IL|Kankakee|St. Anne Community High School District 302|3602715|2623726|2483867|671866|Kankakee|526|373|295|269|308|87|0|105|1238|1302|6849.2681|26009.223||||||ILLINOIS|1737140|61|87|6849.2681|4988.0723|4722.1807|1277.3118
